100
3
-8.50526
-9.88629
-17.721
-48.0
-105.0
-132.0
1
0
0.633003
-14.6663
-2.41531
12.6542
-4.0
-156.0
14.0
2
1
0.0376663
-17.3442
-8.16879
-9.9117
-22.0
-120.0
153.0
3
0
0.42585
-5.5383
9.38522
18.516
14.0
-172.0
-32.0
1
0
0.912254
7.91911
-0.0060358
17.8781
0.0
168.0
51.0
2
1
0.141319
-19.8585
-0.0711765
-0.528219
-1.70755e-006
-134.0
78.0
3
0
0.215858
4.08801
2.09793
18.9046
3.0
174.0
-81.0
1
0
0.774727
-13.3628
9.92905
-13.9577
34.0
-114.0
135.0
2
1
0.374214
-7.6796
-6.08687
-17.9423
-37.0
-105.0
-6.0
3
0
0.982231
-19.0249
-7.51018
-3.6392
-17.0
-131.0
-118.0
1
0
0.671822
-17.6164
7.71972
8.89564
13.0
-149.0
-63.0
2
1
0.823997
-11.7105
-5.55963
-15.61
-24.0
-111.0
-175.0
3
0
0.514381
0.491391
1.819
19.8683
3.0
179.0
13.0
1
0
0.0359726
-10.8149
-5.99503
-16.5056
-28.0
-108.0
-26.0
2
1
0.928017
13.4314
9.55307
-13.8891
33.0
114.0
-151.0
3
0
0.581413
17.3206
-8.0193
-9.99967
-22.0
120.0
45.0
1
0
0.124596
-11.016
1.53693
16.3045
2.0
-163.0
-152.0
2
1
0.578056
-5.14233
0.0804138
18.6221
0.0
-172.0
53.0
3
0
0.148399
-0.594849
-8.32809
-19.8406
-86.0
-105.0
151.0
1
0
0.420448
1.14327
-3.88077
19.6937
-6.0
178.0
-137.0
2
1
0.619072
14.5475
-8.20492
-12.773
-27.0
116.0
-162.0
3
0
0.550209
10.5453
-3.72571
-16.7752
-19.0
107.0
77.0
1
0
0.214363
-11.7885
4.09866
-15.532
18.0
-111.0
96.0
2
1
0.26664
-6.27775
3.6821
18.3179
5.0
-171.0
161.0
3
0
0.447792
-14.9447
9.60983
12.3758
15.0
-155.0
-34.0
1
0
0.905876
6.33505
-5.80562
-18.3025
-42.0
105.0
163.0
2
1
0.452354
12.6485
4.88754
-14.672
20.0
113.0
71.0
3
0
0.198509
16.5964
3.01816
10.7241
5.0
152.0
-9.0
1
0
0.974541
-19.8909
-5.36362
0.40705
-11.0
-136.0
-42.0
2
1
0.883614
14.3112
-8.60659
13.0093
-13.0
157.0
-27.0
3
0
0.925529
18.2285
5.73868
6.61126
10.0
146.0
-103.0
1
0
0.713936
-13.2848
-6.06774
-14.0357
-23.0
-114.0
91.0
2
1
0.252724
0.489315
9.49112
19.8689
13.0
179.0
-30.0
3
0
0.915855
-11.1435
-7.38049
16.177
-11.0
-163.0
-63.0
1
0
0.826271
16.3925
-4.88861
10.928
-8.0
152.0
-111.0
2
1
0.692558
-19.1548
-8.50226
-3.15441
-18.0
-131.0
-168.0
3
0
0.533958
-12.781
0.925752
-14.5395
4.0
-113.0
43.0
1
0
0.11895
-8.9107
-9.06423
17.6124
-13.0
-167.0
-131.0
2
1
0.636436
-16.2984
-8.96264
-11.0221
-26.0
-119.0
92.0
3
0
0.256432
0.0376849
-9.75388
19.9899
-14.0
180.0
99.0
1
0
0.273888
-14.1973
0.574186
13.1232
1.0
-157.0
-94.0
2
1
0.738106
-17.0669
-4.94624
-10.2536
-14.0
-120.0
83.0
3
0
0.230934
-17.5402
6.57791
-9.1801
18.0
-122.0
-173.0
1
0
0.518059
-17.3165
-9.77066
10.0041
-16.0
-150.0
-78.0
2
1
0.782372
19.4142
-3.19351
-2.18625
-7.0
133.0
23.0
3
0
0.063118
-17.5423
-8.71127
9.17227
-14.0
-149.0
-35.0
1
0
0.902718
-12.1742
0.0306683
-15.1463
0.0
-112.0
-162.0
2
1
0.551262
-10.2966
-8.25158
17.0239
-12.0
-164.0
-140.0
3
0
0.610161
6.17265
6.00266
-18.346
43.0
105.0
-7.0
1
0
0.979607
8.67301
8.8652
17.6761
13.0
167.0
-20.0
2
1
0.944252
-17.3894
-1.8738
9.7428
-3.0
-150.0
98.0
3
0
0.272087
10.1609
-4.79237
-17.1596
-24.0
106.0
112.0
1
0
0.31176
10.0006
-9.97604
17.3199
-14.0
165.0
52.0
2
1
0.145393
19.977
-9.62863
0.0856924
-19.0
135.0
1.0
3
0
0.00228119
8.49003
-5.41092
-17.7251
-32.0
105.0
-82.0
1
0
0.773125
-10.1435
-9.28513
-17.177
-41.0
-106.0
-35.0
2
1
0.901421
-4.24229
-2.4433
-18.8633
-29.0
-105.0
87.0
3
0
0.242561
-10.1805
-5.24582
-17.14
-26.0
-106.0
113.0
1
0
0.312737
17.2623
-7.90757
-10.0582
-22.0
120.0
173.0
2
1
0.479958
-19.7809
-6.11618
0.817597
-12.0
-136.0
162.0
3
0
0.451332
5.5507
7.81326
-18.5127
54.0
105.0
-150.0
1
0
0.582726
18.2063
8.17978
6.694
14.0
146.0
-173.0
2
1
0.518654
11.9429
-3.64156
-15.3777
-16.0
111.0
-58.0
3
0
0.839912
-19.7628
-9.53503
-0.885147
-19.0
-134.0
93.0
1
0
0.258263
-18.8995
5.38345
-4.10697
12.0
-130.0
132.0
2
1
0.367546
-14.9314
-2.39944
12.3891
-4.0
-155.0
121.0
3
0
0.336082
-5.07867
-7.86282
-18.6392
-56.0
-105.0
154.0
1
0
0.427605
-4.36999
-5.34953
-18.8291
-50.0
-105.0
-7.0
2
1
0.980873
-1.01488
8.96713
19.7281
13.0
-179.0
-105.0
3
0
0.707191
-2.92006
6.53641
19.2176
9.0
-176.0
-120.0
1
0
0.666679
-7.27297
-7.22301
-18.0512
-44.0
-105.0
-64.0
2
1
0.823448
9.73477
-8.28568
-17.3916
-39.0
105.0
167.0
3
0
0.464943
10.0595
1.9793
-17.261
11.0
105.0
-58.0
1
0
0.837654
16.463
0.857869
10.8575
1.0
152.0
-26.0
2
1
0.926506
-11.7448
9.02603
15.5757
14.0
-162.0
-140.0
3
0
0.610985
19.3723
1.35086
-2.34258
3.0
132.0
-15.0
1
0
0.958672
18.7998
1.56021
4.47933
3.0
142.0
-59.0
2
1
0.836311
13.6127
7.01401
13.7078
11.0
158.0
-144.0
3
0
0.600868
-16.3409
-7.10678
10.9796
-11.0
-152.0
-59.0
1
0
0.837364
17.4016
-4.31717
9.69727
-7.0
150.0
94.0
2
1
0.261147
-17.2819
-9.7605
-10.0386
-26.0
-120.0
99.0
3
0
0.275047
-19.3571
1.08536
2.39951
2.0
-139.0
-113.0
1
0
0.685234
-8.19366
7.43851
-17.8045
41.0
-105.0
-139.0
2
1
0.615257
-18.3995
1.60355
-5.97317
4.0
-127.0
126.0
3
0
0.349022
-19.9415
-8.93737
-0.218275
-18.0
-135.0
-113.0
1
0
0.68531
-12.2219
-8.51319
-15.0986
-33.0
-112.0
-61.0
2
1
0.830269
11.1843
-9.05575
16.1362
-13.0
163.0
-115.0
3
0
0.679573
-17.3589
-7.69974
-9.85674
-21.0
-120.0
118.0
1
0
0.328499
-11.6792
-4.94553
-15.6413
-22.0
-110.0
28.0
2
1
0.0779953
12.2347
-5.50007
-15.0858
-23.0
112.0
66.0
3
0
0.182396
-15.1956
-7.19989
-12.1249
-23.0
-117.0
87.0
1
0
0.2407
-19.886
-9.07678
-0.425458
-18.0
-135.0
70.0
2
1
0.194069
-19.661
-3.34544
-1.26508
-7.0
-134.0
136.0
3
0
0.37693
9.67782
-9.86295
17.4068
-14.0
165.0
129.0
1
0
0.357872
2.99942
-8.61586
-19.1963
-70.0
105.0
-103.0
2
1
0.712685
11.0617
-3.02718
-16.2588
-15.0
109.0
-58.0
3
0
0.839424
-12.6317
-6.05464
-14.6889
-24.0
-113.0
16.0
1
0
0.0440903
10.1593
-9.29462
-17.1612
-41.0
106.0
109.0
2
1
0.30204
18.7584
0.924223
4.6337
2.0
143.0
36.0
3
0
0.100517
-18.3978
-6.53263
5.97952
-12.0
-145.0
109.0
1
0
0.302727
0.27451
0.411765
0.54902
0
1
1
0.5
5
group
1
0
0.0
0.0
1
650.0
850.0
6.0
10.0
1
0.0
0.2
0
0
0
0
0
0
0.25
0.75
0.0
0.0
255
0
0
255
255
0
3
0
0
0
0
rauch-particle.tga
11
2
1.0
1.0
0.0
0.0
0.0

0
0
0.0
0.0
0.0
0.0
0.0

0
0
0.0
0.0
0.0
0.0
0.0

0
0
0.0
0.0
0.0
0.0
0.0

0
0
0.0
0.0
0.0
0.0
0.0

0
0
0.0
0.0
0.0
0.0
0.0

0
0
0.0
0.0
0.0
0.0
0.0

0
0
0.0
0.0
0.0
0.0
0.0
group
2
1
0.0
0.0
1
650.0
850.0
13.0
17.0
1
1.0
1.0
0
0
0
0
0
0
0.75
1.0
0.0
0.0
255
255
255
255
255
255
1
0
0
0
0
cloud2.tga
11
2
1.0
1.0
0.0
0.0
0.0

0
0
0.0
0.0
0.0
0.0
0.0

0
0
0.0
0.0
0.0
0.0
0.0

0
0
0.0
0.0
0.0
0.0
0.0

0
0
0.0
0.0
0.0
0.0
0.0

0
0
0.0
0.0
0.0
0.0
0.0

0
0
0.0
0.0
0.0
0.0
0.0

0
0
0.0
0.0
0.0
0.0
0.0
group
3
0
0.0
0.0
1
650.0
850.0
23.0
27.0
1
1.5
2.0
0
0
0
0
0
0
0.5
0.75
0.0
0.0
200
255
200
0
255
0
1
0
0
0
0
rauch-particle.tga
11
2
1.0
1.0
0.0
0.0
0.0

0
0
0.0
0.0
0.0
0.0
0.0

0
0
0.0
0.0
0.0
0.0
0.0

0
0
0.0
0.0
0.0
0.0
0.0

0
0
0.0
0.0
0.0
0.0
0.0

0
0
0.0
0.0
0.0
0.0
0.0

0
0
0.0
0.0
0.0
0.0
0.0

0
0
0.0
0.0
0.0
0.0
0.0
